Run completed at 2023-02-28 12:33:42 after 01h:46m:37s
Optimizer args NAME:EWCWEIGHT:1.0OPTIMIZER:{'NAME': 'SGD', 'LR': 0.1, 'MOMENTUM': 0.9, 'WDECAY': 0.0005, 'MILESTONES': [120, 240]}USE_GPU:True 
Model: Resnet18, trained on CIFAR-10
Continual Learning Strategy: EWC
Active Learning Strategy: LC
Accuracy results at the end of each cycle: [0.5702, 0.6613, 0.7622, 0.7854, 0.8064, 0.8099, 0.8185, 0.8242, 0.8279, 0.834, 0.836, 0.839, 0.8387, 0.843, 0.8479, 0.8474]
Class distribution for each query: [0.107, 0.104, 0.104, 0.10033333333333333, 0.103, 0.09033333333333333, 0.09933333333333333, 0.10266666666666667, 0.10233333333333333, 0.087],[0.10233333333333333, 0.104, 0.103, 0.09433333333333334, 0.10866666666666666, 0.10366666666666667, 0.09633333333333334, 0.09033333333333333, 0.09533333333333334, 0.102],[0.09433333333333334, 0.10466666666666667, 0.098, 0.10333333333333333, 0.09933333333333333, 0.09933333333333333, 0.09966666666666667, 0.10266666666666667, 0.09333333333333334, 0.10533333333333333],[0.099, 0.097, 0.09733333333333333, 0.098, 0.09733333333333333, 0.09966666666666667, 0.10733333333333334, 0.099, 0.109, 0.09633333333333334],[0.101, 0.089, 0.099, 0.097, 0.102, 0.107, 0.1, 0.104, 0.10433333333333333, 0.09666666666666666],[0.098, 0.08533333333333333, 0.10466666666666667, 0.10266666666666667, 0.10133333333333333, 0.10166666666666667, 0.107, 0.10233333333333333, 0.096, 0.101],[0.09366666666666666, 0.10566666666666667, 0.10333333333333333, 0.10333333333333333, 0.09566666666666666, 0.09766666666666667, 0.10633333333333334, 0.09966666666666667, 0.101, 0.09366666666666666],[0.10566666666666667, 0.10266666666666667, 0.1, 0.09066666666666667, 0.10233333333333333, 0.101, 0.10666666666666667, 0.10033333333333333, 0.105, 0.08566666666666667],[0.10033333333333333, 0.09466666666666666, 0.09233333333333334, 0.09933333333333333, 0.099, 0.09666666666666666, 0.103, 0.10733333333333334, 0.09966666666666667, 0.10766666666666666],[0.09033333333333333, 0.09433333333333334, 0.10166666666666667, 0.101, 0.10033333333333333, 0.10533333333333333, 0.10566666666666667, 0.10066666666666667, 0.103, 0.09766666666666667],[0.104, 0.09933333333333333, 0.10066666666666667, 0.10566666666666667, 0.09566666666666666, 0.10433333333333333, 0.095, 0.09233333333333334, 0.09733333333333333, 0.10566666666666667],[0.09466666666666666, 0.103, 0.104, 0.105, 0.102, 0.09, 0.09733333333333333, 0.103, 0.096, 0.105],[0.101, 0.09233333333333334, 0.10433333333333333, 0.097, 0.11233333333333333, 0.09766666666666667, 0.10266666666666667, 0.10066666666666667, 0.09766666666666667, 0.09433333333333334],[0.08766666666666667, 0.09933333333333333, 0.10933333333333334, 0.099, 0.09733333333333333, 0.09533333333333334, 0.102, 0.11233333333333333, 0.099, 0.09866666666666667],[0.09966666666666667, 0.10766666666666666, 0.09866666666666667, 0.10533333333333333, 0.09966666666666667, 0.1, 0.1, 0.09066666666666667, 0.103, 0.09533333333333334],[0.09566666666666666, 0.08733333333333333, 0.10966666666666666, 0.107, 0.09433333333333334, 0.098, 0.10533333333333333, 0.10133333333333333, 0.10466666666666667, 0.09666666666666666]
----------------------------------------------------------------------
Run completed at 2023-02-28 19:08:23 after 01h:49m:45s
Config File: BATCH_SIZE: 128
CYCLES: 15
EPOCHS: 50
RESULTS_FILE: results_50epochs.txt
RESULTS_FOLDER: ./experiments/CL_AL/
SUBSTITUTE_MODEL:
  AL_METHOD:
    BATCH: 128
    BUDGET: 3000
    INIT_BUDGET: 3000
    LOOKBACK: 5
    NAME: LC
    NO_CLASSES: 10
    USE_GPU: true
  CL_METHOD:
    NAME: EWC
    OPTIMIZER:
      LR: 0.1
      MILESTONES:
      - 120
      - 240
      MOMENTUM: 0.9
      NAME: SGD
      WDECAY: 0.0005
    USE_GPU: true
    WEIGHT: 1.0
  DATASET: CIFAR-10
  NAME: Resnet18
TARGET_MODEL:
  DATASET: FashionMNIST
  EPOCHS: 3
  MODEL: TestConv
  OPTIMIZER:
    LR: 0.001
    MILESTONES:
    - 160
    - 240
    MOMENTUM: 0.9
    NAME: SGD
    WDECAY: 0.0005
USE_GPU: true

Model: Resnet18, trained on CIFAR-10
Continual Learning Strategy: EWC
Active Learning Strategy: LC
Accuracy results at the end of each cycle: [0.5127, 0.5721, 0.7143, 0.7336, 0.7637, 0.7679, 0.7757, 0.7861, 0.7922, 0.7926, 0.7918, 0.7983, 0.8043, 0.8081, 0.8087, 0.8117]
Class distribution for each query: [10.7, 8.6, 10.77, 10.3, 9.67, 9.53, 10.47, 9.77, 9.73, 10.47],[4.97, 1.83, 16.93, 19.7, 9.9, 17.67, 10.6, 10.47, 3.3, 4.63],[7.13, 6.2, 14.3, 12.3, 13.47, 10.53, 13.17, 6.83, 7.67, 8.4],[10.33, 5.17, 12.97, 15.33, 11.37, 11.77, 9.37, 9.87, 6.87, 6.97],[10.03, 5.1, 12.53, 15.3, 11.5, 12.13, 8.57, 10.1, 6.7, 8.03],[10.67, 4.9, 12.67, 16.17, 10.93, 12.1, 9.23, 10.43, 6.17, 6.73],[9.93, 4.67, 13.63, 17.17, 11.13, 11.73, 8.33, 10.67, 6.3, 6.43],[9.8, 5.3, 13.4, 14.73, 11.17, 13.2, 8.97, 9.5, 6.97, 6.97],[9.7, 4.63, 13.27, 15.17, 13.33, 13.17, 8.67, 9.53, 6.2, 6.33],[8.83, 4.83, 14.1, 17.07, 11.9, 13.7, 7.93, 8.83, 6.8, 6.0],[9.47, 5.4, 13.03, 15.03, 13.53, 11.87, 9.43, 10.17, 5.33, 6.73],[9.97, 5.27, 12.97, 15.57, 13.33, 11.77, 8.83, 9.27, 6.5, 6.53],[9.4, 4.77, 12.97, 15.93, 12.8, 13.3, 8.47, 9.2, 6.47, 6.7],[8.47, 4.37, 13.3, 17.33, 12.27, 13.03, 9.3, 9.33, 6.17, 6.43],[9.47, 4.73, 13.43, 15.1, 12.23, 12.63, 10.53, 8.93, 6.63, 6.3],[10.53, 4.33, 12.7, 17.23, 11.17, 13.67, 9.63, 8.3, 6.33, 6.1]
----------------------------------------------------------------------
