Run completed at 2023-02-28 12:33:42 after 01h:46m:37s
Optimizer args NAME:EWCWEIGHT:1.0OPTIMIZER:{'NAME': 'SGD', 'LR': 0.1, 'MOMENTUM': 0.9, 'WDECAY': 0.0005, 'MILESTONES': [120, 240]}USE_GPU:True 
Model: Resnet18, trained on CIFAR-10
Continual Learning Strategy: EWC
Active Learning Strategy: LC
Accuracy results at the end of each cycle: [0.5702, 0.6613, 0.7622, 0.7854, 0.8064, 0.8099, 0.8185, 0.8242, 0.8279, 0.834, 0.836, 0.839, 0.8387, 0.843, 0.8479, 0.8474]
Class distribution for each query: [0.107, 0.104, 0.104, 0.10033333333333333, 0.103, 0.09033333333333333, 0.09933333333333333, 0.10266666666666667, 0.10233333333333333, 0.087],[0.10233333333333333, 0.104, 0.103, 0.09433333333333334, 0.10866666666666666, 0.10366666666666667, 0.09633333333333334, 0.09033333333333333, 0.09533333333333334, 0.102],[0.09433333333333334, 0.10466666666666667, 0.098, 0.10333333333333333, 0.09933333333333333, 0.09933333333333333, 0.09966666666666667, 0.10266666666666667, 0.09333333333333334, 0.10533333333333333],[0.099, 0.097, 0.09733333333333333, 0.098, 0.09733333333333333, 0.09966666666666667, 0.10733333333333334, 0.099, 0.109, 0.09633333333333334],[0.101, 0.089, 0.099, 0.097, 0.102, 0.107, 0.1, 0.104, 0.10433333333333333, 0.09666666666666666],[0.098, 0.08533333333333333, 0.10466666666666667, 0.10266666666666667, 0.10133333333333333, 0.10166666666666667, 0.107, 0.10233333333333333, 0.096, 0.101],[0.09366666666666666, 0.10566666666666667, 0.10333333333333333, 0.10333333333333333, 0.09566666666666666, 0.09766666666666667, 0.10633333333333334, 0.09966666666666667, 0.101, 0.09366666666666666],[0.10566666666666667, 0.10266666666666667, 0.1, 0.09066666666666667, 0.10233333333333333, 0.101, 0.10666666666666667, 0.10033333333333333, 0.105, 0.08566666666666667],[0.10033333333333333, 0.09466666666666666, 0.09233333333333334, 0.09933333333333333, 0.099, 0.09666666666666666, 0.103, 0.10733333333333334, 0.09966666666666667, 0.10766666666666666],[0.09033333333333333, 0.09433333333333334, 0.10166666666666667, 0.101, 0.10033333333333333, 0.10533333333333333, 0.10566666666666667, 0.10066666666666667, 0.103, 0.09766666666666667],[0.104, 0.09933333333333333, 0.10066666666666667, 0.10566666666666667, 0.09566666666666666, 0.10433333333333333, 0.095, 0.09233333333333334, 0.09733333333333333, 0.10566666666666667],[0.09466666666666666, 0.103, 0.104, 0.105, 0.102, 0.09, 0.09733333333333333, 0.103, 0.096, 0.105],[0.101, 0.09233333333333334, 0.10433333333333333, 0.097, 0.11233333333333333, 0.09766666666666667, 0.10266666666666667, 0.10066666666666667, 0.09766666666666667, 0.09433333333333334],[0.08766666666666667, 0.09933333333333333, 0.10933333333333334, 0.099, 0.09733333333333333, 0.09533333333333334, 0.102, 0.11233333333333333, 0.099, 0.09866666666666667],[0.09966666666666667, 0.10766666666666666, 0.09866666666666667, 0.10533333333333333, 0.09966666666666667, 0.1, 0.1, 0.09066666666666667, 0.103, 0.09533333333333334],[0.09566666666666666, 0.08733333333333333, 0.10966666666666666, 0.107, 0.09433333333333334, 0.098, 0.10533333333333333, 0.10133333333333333, 0.10466666666666667, 0.09666666666666666]
----------------------------------------------------------------------
